[LEFT_CAM_2K]
cx=1122.57
cy=638.972
fx=1072.56
fy=1073.69
k1=-0.08929199745728894
k2=0.0928306980688933
k3=-0.044197022094738844
p1=0.00041420804455973383
p2=-0.0003870006207669506

[LEFT_CAM_FHD]
cx=978.568
cy=557.972
fx=1072.56
fy=1073.69
k1=-0.08929199745728894
k2=0.0928306980688933
k3=-0.044197022094738844
p1=0.00041420804455973383
p2=-0.0003870006207669506

[LEFT_CAM_HD]
cx=647.784
cy=367.486
fx=536.28
fy=536.843
k1=-0.08929199745728894
k2=0.0928306980688933
k3=-0.044197022094738844
p1=0.00041420804455973383
p2=-0.0003870006207669506

[LEFT_CAM_VGA]
cx=339.392
cy=191.243
fx=268.14
fy=268.421
k1=-0.08929199745728894
k2=0.0928306980688933
k3=-0.044197022094738844
p1=0.00041420804455973383
p2=-0.0003870006207669506

[LEFT_DISTO]
k1=-1.5147405832652263
k2=4.32050955851127
k3=-0.42894292512679894
k4=-1.4298330081672945
k5=4.200736973690271
k6=-0.24468900440225969
p1=0.0003935617848476897
p2=-0.00036191877553516785

[MISC]
Sensor_ID=0

[RIGHT_CAM_2K]
cx=1123.38
cy=609.084
fx=1073.63
fy=1074.53
k1=-0.08550855475100548
k2=0.08570459518284355
k3=-0.04030876048940784
p1=-0.0005365540956470358
p2=-7.239423051171537e-05

[RIGHT_CAM_FHD]
cx=979.376
cy=528.084
fx=1073.63
fy=1074.53
k1=-0.08550855475100548
k2=0.08570459518284355
k3=-0.04030876048940784
p1=-0.0005365540956470358
p2=-7.239423051171537e-05

[RIGHT_CAM_HD]
cx=648.188
cy=352.542
fx=536.814
fy=537.265
k1=-0.08550855475100548
k2=0.08570459518284355
k3=-0.04030876048940784
p1=-0.0005365540956470358
p2=-7.239423051171537e-05

[RIGHT_CAM_VGA]
cx=339.594
cy=183.771
fx=268.407
fy=268.633
k1=-0.08550855475100548
k2=0.08570459518284355
k3=-0.04030876048940784
p1=-0.0005365540956470358
p2=-7.239423051171537e-05

[RIGHT_DISTO]
k1=-1.0479780336386166
k2=1.9109553929553589
k3=0.07927534920643674
k4=-0.955814699986232
k5=1.766213263015061
k6=0.21781349972883848
p1=-0.0004802856002853795
p2=-1.6235639623419184e-05

[STEREO]
Baseline=119.852
CV_2K=0.00744747
CV_FHD=0.00744747
CV_HD=0.00744747
CV_VGA=0.00744747
RX_2K=0.00323722
RX_FHD=0.00323722
RX_HD=0.00323722
RX_VGA=0.00323722
RZ_2K=0.000948957
RZ_FHD=0.000948957
RZ_HD=0.000948957
RZ_VGA=0.000948957
TY=-0.128544
TZ=0.217683
