[LEFT_CAM_2K]
cx=1107.48
cy=634.732
fx=1068.74
fy=1070.72
k1=-0.09461574208363709
k2=0.10651615300503396
k3=-0.053645240087792145
p1=0.00047901439317035645
p2=0.0007460865148745118

[LEFT_CAM_FHD]
cx=963.484
cy=553.732
fx=1068.74
fy=1070.72
k1=-0.09461574208363709
k2=0.10651615300503396
k3=-0.053645240087792145
p1=0.00047901439317035645
p2=0.0007460865148745118

[LEFT_CAM_HD]
cx=640.242
cy=365.366
fx=534.372
fy=535.361
k1=-0.09461574208363709
k2=0.10651615300503396
k3=-0.053645240087792145
p1=0.00047901439317035645
p2=0.0007460865148745118

[LEFT_CAM_VGA]
cx=335.621
cy=190.183
fx=267.186
fy=267.68
k1=-0.09461574208363709
k2=0.10651615300503396
k3=-0.053645240087792145
p1=0.00047901439317035645
p2=0.0007460865148745118

[LEFT_DISTO]
k1=-1.3596612074512753
k2=6.520738416942654
k3=-1.9642605033724445
k4=-1.2830846112108123
k5=6.483416057393834
k6=-1.8196111782850257
p1=0.00031109090594193354
p2=0.0008193795283192535

[MISC]
Sensor_ID=0

[RIGHT_CAM_2K]
cx=1131.35
cy=621.645
fx=1069.15
fy=1070.59
k1=-0.062366385680179916
k2=0.04127305896849703
k3=-0.017357622575460117
p1=-0.0005906723310019397
p2=0.00013881919643504866

[RIGHT_CAM_FHD]
cx=987.352
cy=540.645
fx=1069.15
fy=1070.59
k1=-0.062366385680179916
k2=0.04127305896849703
k3=-0.017357622575460117
p1=-0.0005906723310019397
p2=0.00013881919643504866

[RIGHT_CAM_HD]
cx=652.176
cy=358.823
fx=534.575
fy=535.294
k1=-0.062366385680179916
k2=0.04127305896849703
k3=-0.017357622575460117
p1=-0.0005906723310019397
p2=0.00013881919643504866

[RIGHT_CAM_VGA]
cx=341.588
cy=186.911
fx=267.287
fy=267.647
k1=-0.062366385680179916
k2=0.04127305896849703
k3=-0.017357622575460117
p1=-0.0005906723310019397
p2=0.00013881919643504866

[RIGHT_DISTO]
k1=-1.1192428549627218
k2=2.984207629344373
k3=-0.02532687518152692
k4=-1.0265142866324872
k5=2.8470125397253203
k6=0.14449410709953986
p1=-0.0004162352849365136
p2=0.0004112205026451241

[STEREO]
Baseline=119.605
CV_2K=0.0077471
CV_FHD=0.0077471
CV_HD=0.0077471
CV_VGA=0.0077471
RX_2K=0.00237346
RX_FHD=0.00237346
RX_HD=0.00237346
RX_VGA=0.00237346
RZ_2K=0.00232055
RZ_FHD=0.00232055
RZ_HD=0.00232055
RZ_VGA=0.00232055
TY=-0.1401
TZ=0.246762
