[LEFT_CAM_2K]
cx=1085.16
cy=589.53
fx=1081.07
fy=1081.95
k1=-0.07944463637506045
k2=0.07033058108896043
k3=-0.030762052971224526
p1=0.00034620883950919147
p2=0.00037250003616322

[LEFT_CAM_FHD]
cx=941.16
cy=508.53
fx=1081.07
fy=1081.95
k1=-0.07944463637506045
k2=0.07033058108896043
k3=-0.030762052971224526
p1=0.00034620883950919147
p2=0.00037250003616322

[LEFT_CAM_HD]
cx=629.08
cy=342.765
fx=540.536
fy=540.973
k1=-0.07944463637506045
k2=0.07033058108896043
k3=-0.030762052971224526
p1=0.00034620883950919147
p2=0.00037250003616322

[LEFT_CAM_VGA]
cx=330.04
cy=178.882
fx=270.268
fy=270.486
k1=-0.07944463637506045
k2=0.07033058108896043
k3=-0.030762052971224526
p1=0.00034620883950919147
p2=0.00037250003616322

[LEFT_DISTO]
k1=-1.0873302265509686
k2=1.9983209909216504
k3=0.13996261804068033
k4=-0.9955398842673608
k5=1.8507196809270376
k6=0.28779334106801896
p1=0.0002762806484027999
p2=0.0004330309298293791

[MISC]
Sensor_ID=0

[RIGHT_CAM_2K]
cx=1091.06
cy=592.556
fx=1079.71
fy=1080.68
k1=-0.07516097482877661
k2=0.06168002238688403
k3=-0.026870448395656815
p1=-0.0004410549847496976
p2=0.00025940841644638105

[RIGHT_CAM_FHD]
cx=947.064
cy=511.556
fx=1079.71
fy=1080.68
k1=-0.07516097482877661
k2=0.06168002238688403
k3=-0.026870448395656815
p1=-0.0004410549847496976
p2=0.00025940841644638105

[RIGHT_CAM_HD]
cx=632.032
cy=344.278
fx=539.857
fy=540.34
k1=-0.07516097482877661
k2=0.06168002238688403
k3=-0.026870448395656815
p1=-0.0004410549847496976
p2=0.00025940841644638105

[RIGHT_CAM_VGA]
cx=331.516
cy=179.639
fx=269.928
fy=270.17
k1=-0.07516097482877661
k2=0.06168002238688403
k3=-0.026870448395656815
p1=-0.0004410549847496976
p2=0.00025940841644638105

[RIGHT_DISTO]
k1=-1.2239532923176757
k2=1.8158041885677059
k3=0.37388313730622114
k4=-1.1269843959880232
k5=1.6409784177244167
k6=0.5421106166634818
p1=-0.00011756118668679106
p2=0.0004054037024368011

[STEREO]
Baseline=119.931
CV_2K=0.00456108
CV_FHD=0.00456108
CV_HD=0.00456108
CV_VGA=0.00456108
RX_2K=0.00450662
RX_FHD=0.00450662
RX_HD=0.00450662
RX_VGA=0.00450662
RZ_2K=0.00132324
RZ_FHD=0.00132324
RZ_HD=0.00132324
RZ_VGA=0.00132324
TY=-0.0789758
TZ=0.414353
